-H     0 
S   3   1.00
      3.42525091             0.15432897       
      0.62391373             0.53532814       
      0.16885540             0.44463454       
****
-He     0 
S   3   1.00
      6.36242139             0.15432897       
      1.15892300             0.53532814       
      0.31364979             0.44463454       
****
-Li     0 
S   3   1.00
     16.1195750              0.15432897       
      2.9362007              0.53532814       
      0.7946505              0.44463454       
SP   3   1.00
      0.6362897             -0.09996723             0.15591627       
      0.1478601              0.39951283             0.60768372       
      0.0480887              0.70011547             0.39195739       
****
-Be     0 
S   3   1.00
     30.1678710              0.15432897       
      5.4951153              0.53532814       
      1.4871927              0.44463454       
SP   3   1.00
      1.3148331             -0.09996723             0.15591627       
      0.3055389              0.39951283             0.60768372       
      0.0993707              0.70011547             0.39195739       
****
-B     0 
S   3   1.00
     48.7911130              0.15432897       
      8.8873622              0.53532814       
      2.4052670              0.44463454       
SP   3   1.00
      2.2369561             -0.09996723             0.15591627       
      0.5198205              0.39951283             0.60768372       
      0.1690618              0.70011547             0.39195739       
****
-C     0 
S   3   1.00
     71.6168370              0.15432897       
     13.0450960              0.53532814       
      3.5305122              0.44463454       
SP   3   1.00
      2.9412494             -0.09996723             0.15591627       
      0.6834831              0.39951283             0.60768372       
      0.2222899              0.70011547             0.39195739       
****
-N     0 
S   3   1.00
     99.1061690              0.15432897       
     18.0523120              0.53532814       
      4.8856602              0.44463454       
SP   3   1.00
      3.7804559             -0.09996723             0.15591627       
      0.8784966              0.39951283             0.60768372       
      0.2857144              0.70011547             0.39195739       
****
-O     0 
S   3   1.00
    130.7093200              0.15432897       
     23.8088610              0.53532814       
      6.4436083              0.44463454       
SP   3   1.00
      5.0331513             -0.09996723             0.15591627       
      1.1695961              0.39951283             0.60768372       
      0.3803890              0.70011547             0.39195739       
****
-F     0 
S   3   1.00
    166.6791300              0.15432897       
     30.3608120              0.53532814       
      8.2168207              0.44463454       
SP   3   1.00
      6.4648032             -0.09996723             0.15591627       
      1.5022812              0.39951283             0.60768372       
      0.4885885              0.70011547             0.39195739       
****
-Ne     0 
S   3   1.00
    207.0156100              0.15432897       
     37.7081510              0.53532814       
     10.2052970              0.44463454       
SP   3   1.00
      8.2463151             -0.09996723             0.15591627       
      1.9162662              0.39951283             0.60768372       
      0.6232293              0.70011547             0.39195739       
****
-Na     0 
S   3   1.00
    250.7724300              0.1543289673     
     45.6785110              0.5353281423     
     12.3623880              0.4446345422     
SP   3   1.00
     12.0401930             -0.09996722919          0.1559162750     
      2.7978819              0.39951282610          0.6076837186     
      0.9099580              0.70011546890          0.3919573931     
SP   3   1.00
      1.4787406             -0.2196203690           0.01058760429    
      0.4125649              0.2255954336           0.59516700530    
      0.1614751              0.9003984260           0.46200101200    
****
-Mg     0 
S   3   1.00
    299.2374000              0.1543289673     
     54.5064700              0.5353281423     
     14.7515800              0.4446345422     
SP   3   1.00
     15.1218200             -0.09996722919          0.1559162750     
      3.5139870              0.39951282610          0.6076837186     
      1.1428570              0.70011546890          0.3919573931     
SP   3   1.00
      1.3954480             -0.2196203690           0.01058760429    
      0.3893260              0.2255954336           0.59516700530    
      0.1523800              0.9003984260           0.46200101200    
****
-Al     0 
S   3   1.00
    351.4214767              0.1543289673     
     64.01186067             0.5353281423     
     17.32410761             0.4446345422     
SP   3   1.00
     18.89939621            -0.09996722919          0.1559162750     
      4.391813233            0.39951282610          0.6076837186     
      1.428353970            0.70011546890          0.3919573931     
SP   3   1.00
      1.3954482930          -0.2196203690           0.01058760429    
      0.3893265318           0.2255954336           0.59516700530    
      0.1523797659           0.9003984260           0.46200101200    
****
-Si     0 
S   3   1.00
    407.7975514              0.1543289673     
     74.28083305             0.5353281423     
     20.10329229             0.4446345422     
SP   3   1.00
     23.19365606            -0.09996722919          0.1559162750     
      5.389706871            0.39951282610          0.6076837186     
      1.752899952            0.70011546890          0.3919573931     
SP   3   1.00
      1.4787406220          -0.2196203690           0.01058760429    
      0.4125648801           0.2255954336           0.59516700530    
      0.1614750979           0.9003984260           0.46200101200    
****
-P     0 
S   3   1.00
    468.3656378              0.1543289673     
     85.31338559             0.5353281423     
     23.08913156             0.4446345422     
SP   3   1.00
     28.03263958            -0.09996722919          0.1559162750     
      6.514182577            0.39951282610          0.6076837186     
      2.118614352            0.70011546890          0.3919573931     
SP   3   1.00
      1.7431032310          -0.2196203690           0.01058760429    
      0.4863213771           0.2255954336           0.59516700530    
      0.1903428909           0.9003984260           0.46200101200    
****
-S     0 
S   3   1.00
    533.1257359              0.1543289673     
     97.10951830             0.5353281423     
     26.28162542             0.4446345422     
SP   3   1.00
     33.32975173            -0.09996722919          0.1559162750     
      7.745117521            0.39951282610          0.6076837186     
      2.518952599            0.70011546890          0.3919573931     
SP   3   1.00
      2.0291942740          -0.2196203690           0.01058760429    
      0.5661400518           0.2255954336           0.59516700530    
      0.2215833792           0.9003984260           0.46200101200    
****
-Cl     0 
S   3   1.00
    601.3456136              0.1543289673     
    109.5358542              0.5353281423     
     29.64467686             0.4446345422     
SP   3   1.00
     38.96041889            -0.09996722919          0.1559162750     
      9.053563477            0.39951282610          0.6076837186     
      2.944499834            0.70011546890          0.3919573931     
SP   3   1.00
      2.1293864950          -0.2196203690           0.01058760429    
      0.5940934274           0.2255954336           0.59516700530    
      0.2325241410           0.9003984260           0.46200101200    
****
-Ar     0 
S   3   1.00
    674.4465184              0.1543289673     
    122.8512753              0.5353281423     
     33.24834945             0.4446345422     
SP   3   1.00
     45.16424392            -0.09996722919          0.1559162750     
     10.49519900             0.39951282610          0.6076837186     
      3.413364448            0.70011546890          0.3919573931     
SP   3   1.00
      2.6213665180          -0.2196203690           0.01058760429    
      0.7313546050           0.2255954336           0.59516700530    
      0.2862472356           0.9003984260           0.46200101200    
****